730
570
578080
1172470
271590
1085660
252490
440
359550
1203220
892970
381210
230410
346110
1454400
1097150
431960
289070
252950
394360
236390
39210
4000
444200
227300
105600
413150
594570
218620
304930
221100
787860
1184370
489830
480
294100
251570
292030
291550
1172620
281990
236850
960090
739630
8930
582660
813780
1174180
306130
377160
1063730
753640
550
275850
582010
1174180
1313860
601510
238960
1222670
1091500
374320
322170
322330
1293830
945360
440900
1644960
239140
677620
761890
1086640
1151640
270880
270880
703080
1238810
72850
552990
427520
1062090
234140
1271700
1343400
1259420
433850
444090
552520
367520
391540
1030300
1665460
107410
304050
376210
976310
985810
620
814380
335240